utmx	utmy	lon	lat	huc	eco	elev	anc	5huc
89.4515	519.263	-69.83241	46.77043	1010001	1	333	445	10100
94.6856	524.225	-69.10148	47.18163	1010001	5	260	535.1	10100
97.5486	524.653	-68.72129	47.19984	1010001	5	237	412.2	10100
95.2602	520.061	-69.06759	46.80504	1010002	1	475	627	10100
96.4721	521.893	-68.89099	46.96064	1010003	1	361	414.7	10100
96.4721	521.893	-68.89099	46.96064	1010003	1	361	419.3	10100
96.4721	521.893	-68.89099	46.96064	1010003	1	361	438	10100
96.7601	522.064	-68.85159	46.97394	1010003	1	549	356.7	10100
96.7601	522.064	-68.85159	46.97394	1010003	1	549	364.8	10100
96.7601	522.064	-68.85159	46.97394	1010003	1	549	391	10100
98.208	519.989	-68.68429	46.77794	1010003	1	335	473.8	10100
100.043	523.546	-68.40639	47.08244	1010003	5	171	421	10100
96.3189	515.358	-68.97659	46.37684	1010004	1	261	345.2	10100
95.7217	515.043	-69.05689	46.35274	1010004	1	365	344	10100
95.7217	515.043	-69.05689	46.35274	1010004	1	365	351.3	10100
95.5491	514.91	-69.08049	46.34204	1010004	1	548	359	10100
95.5491	514.91	-69.08049	46.34204	1010004	1	548	403.9	10100
96.9816	517.406	-68.87029	46.55554	1010004	1	284	345	10100
101.081	515.709	-68.35748	46.37405	1010004	5	247	621	10100
101.081	515.709	-68.35748	46.37405	1010004	5	247	696.2	10100
101.081	515.709	-68.35748	46.37405	1010004	5	247	701	10100
101.081	515.709	-68.35748	46.37405	1010004	5	247	793	10100
91.3347	512.447	-69.6472	46.14834	1020001	1	314	159.7	10200
91.3347	512.447	-69.6472	46.14834	1020001	1	314	173.7	10200
91.3347	512.447	-69.6472	46.14834	1020001	1	314	192	10200
94.937	508.234	-69.22249	45.74834	1020001	1	321	210.6	10200
94.937	508.234	-69.22249	45.74834	1020001	1	321	260	10200
87.5278	510.134	-70.15652	45.96284	1020001	1	454	107.1	10200
87.5278	510.134	-70.15652	45.96284	1020001	1	454	112.4	10200
93.3509	510.095	-69.4087	45.92514	1020001	1	326	116	10200
95.6696	511.523	-69.09759	46.03794	1020001	1	420	133	10200
97.0941	506.734	-68.96119	45.59975	1020001	5	146	96.3	10200
94.4756	512.549	-69.2415	46.13774	1020002	1	338	77.7	10200
93.8707	512.953	-69.3157	46.17784	1020002	1	292	67.3	10200
99.6725	513.23	-68.56558	46.16285	1020002	5	226	246	10200
99.8969	512.767	-68.54158	46.11975	1020002	5	241	171	10200
92.2797	503.478	-69.6036	45.33885	1020004	1	355	182.4	10200
92.2797	503.478	-69.6036	45.33885	1020004	1	355	177.7	10200
92.2797	503.478	-69.6036	45.33885	1020004	1	355	180	10200
93.7155	505.475	-69.4035	45.50895	1020004	1	472	158	10200
93.733	505.628	-69.3999	45.52255	1020004	1	485	246	10200
95.1088	503.489	-69.24419	45.32225	1020004	5	223	161	10200
98.9402	505.972	-68.73348	45.51885	1020004	5	137	44.5	10200
97.2851	496.244	-69.03588	44.65937	1020005	5	120	357.6	10200
101.175	504.3	-68.46647	45.35326	1020005	5	76	87.6	10200
101.175	504.3	-68.46647	45.35326	1020005	5	76	89.8	10200
101.175	504.3	-68.46647	45.35326	1020005	5	76	75.7	10200
101.175	504.3	-68.46647	45.35326	1020005	5	76	92.2	10200
99.761	496.474	-68.72318	44.66327	1020005	5	70	52.5	10200
99.761	496.474	-68.72318	44.66327	1020005	5	70	53.3	10200
99.761	496.474	-68.72318	44.66327	1020005	5	70	61	10200
99.761	496.474	-68.72318	44.66327	1020005	5	70	64.2	10200
84.9558	505.085	-70.52382	45.52345	1030001	1	429	164	10300
90.527	505.395	-69.8106	45.52105	1030001	1	296	143.1	10300
91.9765	507.559	-69.6072	45.70644	1030001	1	332	223	10300
92.2501	508.031	-69.5681	45.74704	1030001	1	343	180	10300
90.401	503.133	-69.8452	45.31905	1030001	1	297	97.5	10300
88.3283	506.436	-70.08291	45.62685	1030001	1	396	163	10300
87.0226	502.559	-70.27901	45.28615	1030002	1	440	185.1	10300
91.1266	500.588	-69.774	45.08666	1030003	1	439	96	10300
95.3995	499.008	-69.24789	44.91906	1030003	5	69	1085.2	10300
95.3995	499.008	-69.24789	44.91906	1030003	5	69	953	10300
95.3995	499.008	-69.24789	44.91906	1030003	5	69	1136	10300
92.8482	498.458	-69.57429	44.88556	1030003	5	120	-5	10300
92.8482	498.458	-69.57429	44.88556	1030003	5	120	4.1	10300
92.8482	498.458	-69.57429	44.88556	1030003	5	120	-9.8	10300
92.8482	498.458	-69.57429	44.88556	1030003	5	120	-11.8	10300
92.8482	498.458	-69.57429	44.88556	1030003	5	120	-10.2	10300
90.3586	493.486	-69.9274	44.45427	1030003	5	73	330	10300
92.3607	498.667	-69.634	44.90726	1030003	5	123	231	10300
90.2095	492.305	-69.9552	44.34917	1030003	5	68	329	10300
94.961	495.966	-69.32999	44.64937	1030003	5	53	304	10300
84.3918	498.046	-70.64441	44.89446	1040001	1	714	31.2	10400
84.3918	498.046	-70.64441	44.89446	1040001	1	714	32.9	10400
84.3918	498.046	-70.64441	44.89446	1040001	1	714	26.6	10400
81.4395	497.587	-71.02022	44.86685	1040001	1	470	69.6	10400
81.3625	496.551	-71.03632	44.77415	1040001	1	379	129	10400
103.931	503.937	-68.12106	45.30026	1050001	5	148	142	10500
103.931	503.937	-68.12106	45.30026	1050001	5	148	152	10500
103.931	503.937	-68.12106	45.30026	1050001	5	148	155	10500
106.119	503.914	-67.84445	45.28107	1050001	5	122	60	10500
105.435	504.671	-67.92245	45.35407	1050001	5	116	116	10500
105.026	502.28	-68.00075	45.14367	1050002	5	103	69.2	10500
110.602	502.024	-67.30064	45.07538	1050002	5	63	130	10500
110.602	502.024	-67.30064	45.07538	1050002	5	63	143.2	10500
110.602	502.024	-67.30064	45.07538	1050002	5	63	152	10500
110.602	502.024	-67.30064	45.07538	1050002	5	63	151	10500
102.331	496.835	-68.39747	44.67727	1050002	5	31	115.4	10500
109.307	499.469	-67.49374	44.85828	1050002	5	22	116	10500
103.473	499.375	-68.22766	44.89597	1050002	5	104	99	10500
109.887	500.571	-67.40804	44.95178	1050002	5	68	63.6	10500
108.476	501.534	-67.57414	45.04947	1050002	5	39	103	10500
94.5613	491.821	-69.41579	44.28047	1050003	5	85	209.3	10500
94.5613	491.821	-69.41579	44.28047	1050003	5	85	211.1	10500
94.5613	491.821	-69.41579	44.28047	1050003	5	85	185	10500
94.5613	491.821	-69.41579	44.28047	1050003	5	85	200	10500
94.0319	490.118	-69.49609	44.13108	1050003	5	16	139	10500
83.5488	490.95	-70.79711	44.26137	1060001	1	274	76.6	10600
83.5488	490.95	-70.79711	44.26137	1060001	1	274	78.3	10600
83.5631	490.749	-70.79661	44.24327	1060001	1	192	102	10600
86.3694	487.366	-70.4695	43.92617	1060001	1	91	188	10600
86.6291	486.512	-70.4431	43.84828	1060001	1	107	205	10600
86.6291	486.512	-70.4431	43.84828	1060001	1	107	209.7	10600
86.7832	486.336	-70.4252	43.83168	1060001	2	94	457	10600
82.8264	483.416	-70.93381	43.58808	1060002	1	210	290.4	10600
82.8264	483.416	-70.93381	43.58808	1060002	1	210	288.2	10600
82.8264	483.416	-70.93381	43.58808	1060002	1	210	252	10600
81.1329	486.146	-71.12731	43.84057	1060002	1	210	75	10600
81.1329	486.146	-71.12731	43.84057	1060002	1	210	76	10600
81.3282	485.97	-71.10411	43.82397	1060002	1	130	185	10600
84.3475	481.417	-70.7585	43.40168	1060003	2	72	-51	10600
84.3475	481.417	-70.7585	43.40168	1060003	2	72	-71.4	10600
84.3475	481.417	-70.7585	43.40168	1060003	2	72	-72.2	10600
83.0529	478.997	-70.9325	43.19018	1060003	2	33	252	10600
82.8824	479.017	-70.95331	43.19268	1060003	2	43	111	10600
74.4552	483.294	-71.96963	43.60927	1070001	1	305	169	10700
74.4552	483.294	-71.96963	43.60927	1070001	1	305	168	10700
74.4552	483.294	-71.96963	43.60927	1070001	1	305	156	10700
74.4552	483.294	-71.96963	43.60927	1070001	1	305	185	10700
76.8281	487.834	-71.65332	44.00917	1070001	1	676	31.5	10700
78.2148	485.42	-71.49342	43.78707	1070001	1	225	81	10700
78.5541	481.306	-71.47302	43.41598	1070002	1	208	123	10700
78.9893	481.239	-71.41972	43.40838	1070002	1	289	118	10700
78.4267	481.02	-71.49022	43.39078	1070002	1	243	191	10700
76.3789	476.413	-71.76462	42.98408	1070002	1	225	126.9	10700
80.132	483.672	-71.26541	43.62248	1070002	1	143	174	10700
76.3699	474.818	-71.77322	42.84069	1070002	1	199	134	10700
83.2608	474.575	-70.9333	42.79209	1070002	2	5	668.6	10700
83.2608	474.575	-70.9333	42.79209	1070002	2	5	690	10700
77.9174	476.839	-71.57411	43.01688	1070002	2	123	203.9	10700
77.9174	476.839	-71.57411	43.01688	1070002	2	123	212	10700
77.9371	474.082	-71.58541	42.76899	1070002	2	135	245.1	10700
77.9371	474.082	-71.58541	42.76899	1070002	2	135	244.2	10700
77.9371	474.082	-71.58541	42.76899	1070002	2	135	240.65	10700
77.9371	474.082	-71.58541	42.76899	1070002	2	135	235	10700
77.9371	474.082	-71.58541	42.76899	1070002	2	135	312	10700
78.2348	473.857	-71.55021	42.74769	1070002	2	86	699	10700
78.2348	473.857	-71.55021	42.74769	1070002	2	86	697.9	10700
78.2348	473.857	-71.55021	42.74769	1070002	2	86	705.7	10700
78.2348	473.857	-71.55021	42.74769	1070002	2	86	922.1	10700
78.2348	473.857	-71.55021	42.74769	1070002	2	86	881	10700
77.6963	478.66	-71.59212	43.18138	1070002	2	111	138	10700
80.6028	474.495	-71.25801	42.79599	1070002	2	66	281	10700
77.939	475.367	-71.57881	42.88449	1070002	2	79	232	10700
79.719	476.658	-71.35441	42.99378	1070002	2	75	76.5	10700
74.9481	475.409	-71.94432	42.89868	1070003	1	223	186.5	10700
74.9481	475.409	-71.94432	42.89868	1070003	1	223	153	10700
74.6617	478.397	-71.96613	43.16828	1070003	1	267	77.6	10700
74.6617	478.397	-71.96613	43.16828	1070003	1	267	72.3	10700
74.6617	478.397	-71.96613	43.16828	1070003	1	267	75.9	10700
73.5761	477.664	-72.10263	43.10578	1070003	1	489	52.4	10700
73.6899	477.694	-72.08853	43.10818	1070003	1	438	40	10700
73.9853	474.25	-72.06703	42.79748	1070003	1	357	29.7	10700
76.1785	478.988	-71.77702	43.21628	1070003	1	230	134.3	10700
74.8446	479.739	-71.93763	43.28838	1070003	1	239	154	10700
74.5758	479.623	-71.97123	43.27878	1070003	1	208	154	10700
74.5664	476.909	-71.98443	43.03478	1070003	1	337	32.2	10700
73.8536	475.803	-72.07653	42.93758	1070003	1	411	44.9	10700
75.5356	472.118	-71.88732	42.60079	1070004	1	322	-10.75	10700
75.5356	472.118	-71.88732	42.60079	1070004	1	322	30.9	10700
75.7383	468.912	-71.87702	42.31179	1070004	1	236	131.4	10700
75.7383	468.912	-71.87702	42.31179	1070004	1	236	134.6	10700
75.7383	468.912	-71.87702	42.31179	1070004	1	236	135	10700
76.9011	469.651	-71.73271	42.37429	1070004	2	117	140	10700
76.7501	471.86	-71.74072	42.57349	1070004	2	160	263	10700
78.274	469.311	-71.56791	42.33889	1070005	2	134	419	10700
79.0714	497.537	-71.31962	44.87245	1080101	1	541	238.8	10801
79.0714	497.537	-71.31962	44.87245	1080101	1	541	211	10801
79.0714	497.537	-71.31962	44.87245	1080101	1	541	276	10801
75.0374	489.884	-71.86663	44.19976	1080101	1	313	303	10801
80.0966	500.732	-71.17102	45.15515	1080101	1	568	127.8	10801
73.5635	492.209	-72.04034	44.41376	1080102	1	317	1850	10801
72.8785	482.471	-72.16823	43.54027	1080104	1	496	38.8	10801
73.2871	482.328	-72.11833	43.52617	1080104	1	406	176	10801
70.2136	480.236	-72.50603	43.34687	1080106	1	170	572	10801
70.2136	480.236	-72.50603	43.34687	1080106	1	170	496	10801
70.2136	480.236	-72.50603	43.34687	1080106	1	170	772.4	10801
70.2136	480.236	-72.50603	43.34687	1080106	1	170	642	10801
70.2468	480.617	-72.50053	43.38107	1080106	1	243	963	10801
72.3523	475.349	-72.26213	42.90128	1080201	1	144	120	10802
73.6124	476.211	-72.10433	42.97498	1080201	1	459	107	10802
73.3782	475.801	-72.13473	42.93888	1080201	1	392	58.9	10802
73.4343	475.856	-72.12763	42.94368	1080201	1	419	31.8	10802
73.4732	476.009	-72.12223	42.95728	1080201	1	435	31.8	10802
73.5499	479.172	-72.09943	43.24148	1080201	1	503	7.3	10802
73.5499	479.172	-72.09943	43.24148	1080201	1	503	4.7	10802
73.4561	479.041	-72.11153	43.22998	1080201	1	500	7.5	10802
70.843	474.4	-72.45033	42.82018	1080201	1	373	-7.2	10802
70.843	474.4	-72.45033	42.82018	1080201	1	373	-5.9	10802
70.0745	468.548	-72.56483	42.29569	1080201	2	150	537.8	10802
70.0745	468.548	-72.56483	42.29569	1080201	2	150	504	10802
70.0745	468.548	-72.56483	42.29569	1080201	2	150	580.2	10802
70.0745	468.548	-72.56483	42.29569	1080201	2	150	560	10802
69.5873	470.12	-72.61853	42.43839	1080201	2	51	124	10802
75.3083	472.112	-71.91502	42.60099	1080202	1	289	69.6	10802
75.3083	472.112	-71.91502	42.60099	1080202	1	289	76.9	10802
71.0908	471.418	-72.43113	42.55119	1080202	1	333	-9.5	10802
75.3184	473.653	-71.90692	42.73949	1080202	1	393	8.7	10802
75.0965	473.646	-71.93402	42.73959	1080202	1	388	21.1	10802
66.872	471.278	-72.94504	42.54899	1080203	1	529	57.2	10802
66.7242	476.434	-72.94775	43.01338	1080203	1	645	23.3	10802
66.7242	476.434	-72.94775	43.01338	1080203	1	645	16.7	10802
67.8603	474.105	-72.81584	42.80118	1080203	1	475	198.2	10802
69.5543	473.502	-72.61094	42.74278	1080203	1	301	912	10802
73.6952	471.312	-72.11472	42.53419	1080204	1	344	104.9	10802
73.6952	471.312	-72.11472	42.53419	1080204	1	344	115.6	10802
73.6952	471.312	-72.11472	42.53419	1080204	1	344	103	10802
73.6952	471.312	-72.11472	42.53419	1080204	1	344	93.4	10802
73.8972	471.247	-72.09042	42.52769	1080204	1	300	58.7	10802
71.3086	469.21	-72.41283	42.35199	1080204	1	300	4.2	10802
71.3086	469.21	-72.41283	42.35199	1080204	1	300	7.6	10802
75.2453	470.838	-71.92832	42.48659	1080204	1	348	35.6	10802
71.1125	470.866	-72.43053	42.50149	1080204	1	269	22.6	10802
72.6321	470.424	-72.24753	42.45749	1080204	2	202	195.3	10802
72.8074	469.162	-72.23123	42.34339	1080204	2	149	253	10802
67.3986	468.333	-72.88984	42.28279	1080206	1	157	248	10802
65.7491	466.02	-73.09605	42.07809	1080207	1	391	98.6	10802
65.7491	466.02	-73.09605	42.07809	1080207	1	391	102.2	10802
82.3195	467.406	-71.08849	42.152	1090001	2	80	153.5	10900
82.3195	467.406	-71.08849	42.152	1090001	2	80	159.3	10900
82.3195	467.406	-71.08849	42.152	1090001	2	80	170	10900
82.3195	467.406	-71.08849	42.152	1090001	2	80	169	10900
82.8913	467.346	-71.01979	42.1442	1090001	2	44	359.1	10900
82.8913	467.346	-71.01979	42.1442	1090001	2	44	359.1	10900
82.8913	467.346	-71.01979	42.1442	1090001	2	44	268	10900
82.8913	467.346	-71.01979	42.1442	1090001	2	44	268	10900
79.9791	466.973	-71.3734	42.1224	1090001	2	40	19.5	10900
85.4566	467.36	-70.71008	42.1343	1090002	2	15	316	10900
82.9805	462.522	-71.03599	41.7104	1090002	2	45	-18.2	10900
77.2803	466.871	-71.69981	42.123	1090003	2	102	478.2	10900
76.9333	466.763	-71.74221	42.1145	1090003	2	179	1.8	10900
76.9333	466.763	-71.74221	42.1145	1090003	2	179	-8.6	10900
77.3819	466.725	-71.68821	42.1096	1090003	2	95	239.1	10900
77.3819	466.725	-71.68821	42.1096	1090003	2	95	207.1	10900
78.3715	464.492	-71.57951	41.9053	1090003	2	131	524.3	10900
78.3715	464.492	-71.57951	41.9053	1090003	2	131	515.7	10900
78.3715	464.492	-71.57951	41.9053	1090003	2	131	558	10900
84.5062	464.843	-70.83958	41.9124	1090004	2	31	179.75	10900
84.5062	464.843	-70.83958	41.9124	1090004	2	31	56.2	10900
84.5062	464.843	-70.83958	41.9124	1090004	2	31	284	10900
81.4531	465.138	-71.20529	41.9517	1090004	2	35	558	10900
78.7378	464.249	-71.53661	41.8821	1090004	2	66	465.7	10900
78.7378	464.249	-71.53661	41.8821	1090004	2	66	502	10900
78.7378	464.249	-71.53661	41.8821	1090004	2	66	447	10900
81.8624	460.564	-71.18049	41.539	1090004	2	9	189.3	10900
81.8624	460.564	-71.18049	41.539	1090004	2	9	232.2	10900
81.8624	460.564	-71.18049	41.539	1090004	2	9	182	10900
77.622	461.958	-71.68151	41.6801	1090004	2	162	28.4	10900
79.0305	460.282	-71.5207	41.5244	1090005	2	60	240	10900
76.1071	459.78	-71.87272	41.4893	1100001	2	109	123.8	11000
76.1071	459.78	-71.87272	41.4893	1100001	2	109	110	11000
76.1071	459.78	-71.87272	41.4893	1100001	2	109	130.1	11000
76.1071	459.78	-71.87272	41.4893	1100001	2	109	117.6	11000
74.0697	466.765	-72.08812	42.12399	1100001	2	198	230	11000
74.2908	466.929	-72.06072	42.13809	1100001	2	209	103	11000
73.0588	464.515	-72.21912	41.9246	1100002	2	237	348.5	11000
73.0588	464.515	-72.21912	41.9246	1100002	2	237	382	11000
73.0588	464.515	-72.21912	41.9246	1100002	2	237	360.5	11000
74.6928	461.816	-72.03352	41.6769	1100002	2	129	147.5	11000
71.8465	461.725	-72.37543	41.6771	1100002	2	189	348	11000
73.3666	459.67	-72.20102	41.4879	1100003	2	130	120	11000
73.8145	459.417	-72.14842	41.4638	1100003	2	83	419	11000
73.8145	459.417	-72.14842	41.4638	1100003	2	83	415	11000
73.8145	459.417	-72.14842	41.4638	1100003	2	83	379	11000
73.8145	459.417	-72.14842	41.4638	1100003	2	83	544	11000
68.134	459.261	-72.82854	41.4646	1100004	2	22	1790	11000
65.5639	470.552	-73.10625	42.48638	1100005	1	443	545	11000
61.9471	463.434	-73.56077	41.85199	1100005	1	336	1528.9	11000
61.9471	463.434	-73.56077	41.85199	1100005	1	336	1609	11000
61.9471	463.434	-73.56077	41.85199	1100005	1	336	1614	11000
62.7157	458.604	-73.47847	41.41589	1100005	2	213	1540	11000
66.3859	461.018	-73.03295	41.6265	1100005	2	219	212	11000
66.757	461.261	-72.98775	41.6476	1100005	2	248	239	11000
66.2612	461.299	-73.04715	41.6521	1100005	2	246	402	11000
64.3218	456.445	-73.29146	41.2188	1100006	2	140	296	11000
64.0898	456.69	-73.31856	41.2412	1100006	2	136	598	11000
72.0006	494.99	-72.22455	44.66875	1110000	1	463	913	11100
60.4914	482.192	-73.70136	43.54287	2010001	1	340	351.25	20100
60.4914	482.192	-73.70136	43.54287	2010001	1	340	352	20100
60.4914	482.192	-73.70136	43.54287	2010001	1	340	399	20100
61.605	486.355	-73.55457	43.91596	2010001	1	365	1075	20100
61.7394	486.292	-73.53797	43.91006	2010001	1	289	1029	20100
60.7524	480.212	-73.67296	43.36427	2010001	1	141	1870	20100
61.4516	484.391	-73.57787	43.73936	2010001	1	518	407	20100
61.1864	487.744	-73.60377	44.04155	2010001	1	440	92.2	20100
61.6774	481.373	-73.55636	43.46737	2010001	1	277	153	20100
64.6222	484.742	-73.18336	43.76536	2010001	6	198	1766	20100
64.6222	484.742	-73.18336	43.76536	2010001	6	198	1600	20100
64.6222	484.742	-73.18336	43.76536	2010001	6	198	1650	20100
64.6439	484.96	-73.18006	43.78496	2010002	6	270	1729	20100
64.6439	484.96	-73.18006	43.78496	2010002	6	270	1773	20100
70.5723	491.981	-72.41655	44.40236	2010003	1	286	1583.7	20100
70.5723	491.981	-72.41655	44.40236	2010003	1	286	1580.2	20100
70.5723	491.981	-72.41655	44.40236	2010003	1	286	1584	20100
71.0403	492.323	-72.35645	44.43176	2010003	1	373	1858.1	20100
71.0403	492.323	-72.35645	44.43176	2010003	1	373	1894	20100
67.9208	491.919	-72.74946	44.40386	2010003	1	196	285	20100
58.1415	490.487	-73.97949	44.29255	2010004	1	557	316.4	20100
58.4233	490.478	-73.94419	44.29135	2010004	1	519	281.6	20100
58.6036	490.482	-73.92159	44.29155	2010004	1	530	200.1	20100
58.1862	490.807	-73.97339	44.32125	2010004	1	665	143	20100
62.3899	491.857	-73.44388	44.40985	2010004	6	192	921	20100
72.1741	494.721	-72.20385	44.64405	2010005	1	411	1692	20100
72.1741	494.721	-72.20385	44.64405	2010005	1	411	1980	20100
72.1741	494.721	-72.20385	44.64405	2010005	1	411	2002	20100
72.1741	494.721	-72.20385	44.64405	2010005	1	411	1972	20100
56.6407	492.597	-74.1649	44.48395	2010006	1	536	184.6	20100
56.6407	492.597	-74.1649	44.48395	2010006	1	536	202	20100
56.9086	492.755	-74.131	44.49795	2010006	1	517	433.9	20100
56.9086	492.755	-74.131	44.49795	2010006	1	517	461	20100
56.9401	492.929	-74.1268	44.51355	2010006	1	543	32.9	20100
56.9401	492.929	-74.1268	44.51355	2010006	1	543	25.7	20100
57.029	490.881	-74.1184	44.32915	2010006	1	477	156	20100
58.0129	491.869	-73.99349	44.41705	2010006	1	475	274	20100
60.3888	485.403	-73.70787	43.83206	2020001	1	350	146.6	20200
59.8417	484.869	-73.77687	43.78476	2020001	1	268	279	20200
59.8417	484.869	-73.77687	43.78476	2020001	1	268	279.1	20200
59.0366	484.299	-73.87788	43.73447	2020001	1	439	277	20200
59.0366	484.299	-73.87788	43.73447	2020001	1	439	295.2	20200
55.8606	485.689	-74.2707	43.86276	2020001	1	513	356.7	20200
55.9733	485.301	-74.2571	43.82776	2020001	1	502	144.7	20200
55.9777	485.89	-74.2559	43.88076	2020001	1	523	1177	20200
56.0134	485.849	-74.2515	43.87706	2020001	1	523	465	20200
56.1692	485.348	-74.23269	43.83186	2020001	1	523	392.8	20200
58.5128	487.258	-73.93819	44.00146	2020001	1	619	155.4	20200
61.4163	485.978	-73.57887	43.88226	2020001	1	299	623.6	20200
61.4163	485.978	-73.57887	43.88226	2020001	1	299	623.6	20200
60.0589	486.729	-73.74638	43.95186	2020001	1	358	277	20200
57.9035	481.962	-74.02197	43.52537	2020001	1	476	183	20200
57.4712	488.253	-74.06669	44.09216	2020001	1	701	21.9	20200
60.1877	483.348	-73.73677	43.64737	2020001	1	305	272	20200
56.0848	487.079	-74.2412	43.98776	2020001	1	546	73.5	20200
55.8106	486.992	-74.2755	43.98016	2020001	1	522	180	20200
57.4155	483.481	-74.08028	43.66257	2020002	1	723	43.6	20200
57.9004	480.434	-74.02457	43.38777	2020002	1	595	77.35	20200
54.6738	481.515	-74.42199	43.48777	2020002	1	540	161.7	20200
54.6738	481.515	-74.42199	43.48777	2020002	1	540	168	20200
54.6738	481.515	-74.42199	43.48777	2020002	1	540	169	20200
55.0592	481.454	-74.37439	43.48207	2020002	1	530	174.55	20200
55.0592	481.454	-74.37439	43.48207	2020002	1	530	177.7	20200
55.0592	481.454	-74.37439	43.48207	2020002	1	530	182	20200
56.5353	479.616	-74.19408	43.31547	2020002	1	412	24.4	20200
56.5353	479.616	-74.19408	43.31547	2020002	1	412	20.9	20200
56.5353	479.616	-74.19408	43.31547	2020002	1	412	22.7	20200
56.7301	479.344	-74.17038	43.29077	2020002	1	372	168	20200
58.1558	478.73	-73.99557	43.23407	2020002	1	488	49.1	20200
53.6257	480.627	-74.55219	43.40847	2020002	1	651	87.1	20200
52.3829	479.698	-74.7061	43.32527	2020004	1	714	23.7	20200
52.2795	479.558	-74.7189	43.31267	2020004	1	709	-11.6	20200
52.2795	479.558	-74.7189	43.31267	2020004	1	709	-21.5	20200
52.2795	479.558	-74.7189	43.31267	2020004	1	709	-16.3	20200
53.7	477.846	-74.54489	43.15797	2020004	1	509	38.1	20200
52.4476	481.294	-74.6974	43.46897	2020004	1	754	-6.7	20200
49.5776	479.894	-75.05211	43.34327	2020004	1	367	279	20200
53.5253	482.632	-74.5633	43.58897	2020004	1	750	2.2	20200
53.7019	482.228	-74.5417	43.55257	2020004	1	807	5.9	20200
50.7436	480.332	-74.9082	43.38267	2020004	1	424	106	20200
46.4094	479.332	-75.44262	43.29187	2020004	6	187	1060	20200
50.0587	476.524	-74.9928	43.03987	2020004	6	185	2070	20200
55.542	472.031	-74.32408	42.63328	2020005	1	235	1263	20200
55.542	472.031	-74.32408	42.63328	2020005	1	235	1382	20200
56.2073	467.636	-74.24769	42.23699	2020005	1	602	188	20200
54.4839	469.912	-74.45479	42.44308	2020005	1	262	498	20200
61.1903	472.425	-73.63456	42.66258	2020006	6	178	1151.2	20200
61.1903	472.425	-73.63456	42.66258	2020006	6	178	1217.6	20200
61.1903	472.425	-73.63456	42.66258	2020006	6	178	1295	20200
57.6778	465.14	-74.07278	42.01089	2020006	6	110	273	20200
57.6778	465.14	-74.07278	42.01089	2020006	6	110	309	20200
57.6778	465.14	-74.07278	42.01089	2020006	6	110	359.9	20200
57.6778	465.14	-74.07278	42.01089	2020006	6	110	358	20200
56.8122	458.055	-74.18539	41.37359	2020008	1	242	1760	20200
59.6256	458.329	-73.84858	41.39539	2030101	1	153	352	20301
59.6256	458.329	-73.84858	41.39539	2030101	1	153	362.2	20301
59.6256	458.329	-73.84858	41.39539	2030101	1	153	358.5	20301
59.6256	458.329	-73.84858	41.39539	2030101	1	153	358.9	20301
59.6256	458.329	-73.84858	41.39539	2030101	1	153	340	20301
59.6858	458.705	-73.84078	41.42919	2030101	1	325	5.45	20301
59.6858	458.705	-73.84078	41.42919	2030101	1	325	6.1	20301
59.6858	458.705	-73.84078	41.42919	2030101	1	325	5.1	20301
59.6858	458.705	-73.84078	41.42919	2030101	1	325	6	20301
59.6858	458.705	-73.84078	41.42919	2030101	1	325	4.4	20301
59.6858	458.705	-73.84078	41.42919	2030101	1	325	8.8	20301
59.8611	458.66	-73.81988	41.42489	2030101	1	233	78.3	20301
59.8611	458.66	-73.81988	41.42489	2030101	1	233	68.3	20301
60.3984	456.56	-73.75918	41.23509	2030101	2	114	1261	20301
58.681	451.439	-73.97128	40.7759	2030101	2	26	1011	20301
60.0674	453.504	-73.80368	40.9603	2030102	2	67	1390	20301
54.7127	453.697	-74.4398	40.9825	2030103	1	306	157	20301
58.2342	444.377	-74.03338	40.14021	2030104	7	8	1779.45	20301
58.2342	444.377	-74.03338	40.14021	2030104	7	8	1779.45	20301
53.18	451.12	-74.6233	40.7511	2030105	1	212	830	20301
53.8704	446.251	-74.5445	40.31221	2030105	7	22	342	20301
51.4489	449.618	-74.82871	40.6163	2030105	7	98	693	20301
55.7046	455.943	-74.3198	41.18419	2030202	1	192	494	20302
56.0716	455.904	-74.27609	41.18039	2030202	1	319	-38.1	20302
56.0716	455.904	-74.27609	41.18039	2030202	1	319	-36.4	20302
56.0716	455.904	-74.27609	41.18039	2030202	1	319	-18.7	20302
51.0589	462.364	-74.87261	41.76449	2040101	4	358	354.3	20401
51.0589	462.364	-74.87261	41.76449	2040101	4	358	368	20401
50.1533	460.231	-74.98161	41.57249	2040101	4	380	13.8	20401
50.1533	460.231	-74.98161	41.57249	2040101	4	380	36.4	20401
50.1533	460.231	-74.98161	41.57249	2040101	4	380	23.3	20401
50.1533	460.231	-74.98161	41.57249	2040101	4	380	35.8	20401
52.7442	460.534	-74.67071	41.59929	2040104	4	465	115	20401
52.4692	460.516	-74.70371	41.59779	2040104	4	448	76.1	20401
52.8041	463.329	-74.6622	41.85099	2040104	4	430	45.3	20401
52.1278	452.961	-74.74731	40.9173	2040105	1	284	1686	20401
52.1278	452.961	-74.74731	40.9173	2040105	1	284	1569	20401
52.1278	452.961	-74.74731	40.9173	2040105	1	284	1699	20401
52.1278	452.961	-74.74731	40.9173	2040105	1	284	1686	20401
52.1278	452.961	-74.74731	40.9173	2040105	1	284	1569	20401
52.1278	452.961	-74.74731	40.9173	2040105	1	284	1699	20401
51.7757	441.155	-74.79241	39.85381	2040202	7	19	34.9	20402
51.4221	441.369	-74.83371	39.87311	2040202	7	15	82.7	20402
47.8271	438.463	-75.25313	39.61111	2040206	7	28	881	20402
52.9769	438.936	-74.653	39.65352	2040301	7	4	23.3	20403
52.9769	438.936	-74.653	39.65352	2040301	7	4	-17.8	20403
52.9769	438.936	-74.653	39.65352	2040301	7	4	3.3	20403
52.9769	438.936	-74.653	39.65352	2040301	7	4	19	20403
52.1122	436.684	-74.75451	39.45082	2040302	7	9	13.7	20403
41.695	471.064	-76.01145	42.54367	2050102	3	470	380	20501
45.9449	473.613	-75.49572	42.77667	2050102	3	375	2736	20501
40.7138	473.642	-76.13515	42.77467	2050102	3	375	2586	20501
43.4203	468.692	-75.79864	42.33177	2050102	3	310	180	20501
39.9266	466.284	-76.21845	42.11117	2050103	3	334	634	20501
39.9266	466.284	-76.21845	42.11117	2050103	3	334	772	20501
39.9266	466.284	-76.21845	42.11117	2050103	3	334	386	20501
39.9266	466.284	-76.21845	42.11117	2050103	3	334	473	20501
28.358	470.353	-77.63191	42.45387	2050104	3	525	735.1	20501
28.358	470.353	-77.63191	42.45387	2050104	3	525	755.7	20501
19.7013	469.554	-78.67865	42.35306	4120102	3	640	996	41201
19.7013	469.554	-78.67865	42.35306	4120102	3	640	1040	41201
19.7013	469.554	-78.67865	42.35306	4120102	3	640	934	41201
19.7013	469.554	-78.67865	42.35306	4120102	3	640	1020	41201
19.7013	469.554	-78.67865	42.35306	4120102	3	640	996	41201
19.7013	469.554	-78.67865	42.35306	4120102	3	640	1040	41201
19.7013	469.554	-78.67865	42.35306	4120102	3	640	934	41201
19.7013	469.554	-78.67865	42.35306	4120102	3	640	1020	41201
18.3815	471.932	-78.85165	42.56156	4120103	6	408	1281	41201
18.3815	471.932	-78.85165	42.56156	4120103	6	408	1305	41201
18.3815	471.932	-78.85165	42.56156	4120103	6	408	1354	41201
18.3815	471.932	-78.85165	42.56156	4120103	6	408	1341	41201
40.9413	485.352	-76.12665	43.82916	4140102	6	136	2281.3	41401
40.9413	485.352	-76.12665	43.82916	4140102	6	136	2564	41401
40.9413	485.352	-76.12665	43.82916	4140102	6	136	2140	41401
35.1603	472.897	-76.81178	42.69887	4140201	6	241	1627	41402
35.1603	472.897	-76.81178	42.69887	4140201	6	241	1640	41402
35.1603	472.897	-76.81178	42.69887	4140201	6	241	1658.6	41402
35.1603	472.897	-76.81178	42.69887	4140201	6	241	1515	41402
37.9453	477.579	-76.48196	43.12527	4140201	6	114	2104	41402
41.5188	476.207	-76.04064	43.00657	4140202	6	175	3066.75	41402
41.5188	476.207	-76.04064	43.00657	4140202	6	175	3371	41402
41.5188	476.207	-76.04064	43.00657	4140202	6	175	3085	41402
52.1142	483.108	-74.73791	43.63237	4150101	1	652	17	41501
51.9703	482.943	-74.75581	43.61757	4150101	1	673	1.1	41501
51.9703	482.943	-74.75581	43.61757	4150101	1	673	-11	41501
51.8137	486.2	-74.77412	43.91086	4150101	1	596	32.2	41501
51.8137	486.2	-74.77412	43.91086	4150101	1	596	28.8	41501
51.8137	486.2	-74.77412	43.91086	4150101	1	596	9.8	41501
47.5731	486.374	-75.30233	43.92637	4150101	1	360	23.3	41501
47.9108	486.307	-75.26023	43.92047	4150101	1	365	20.3	41501
50.5937	482.057	-74.92651	43.53807	4150101	1	649	4.6	41501
50.5937	482.057	-74.92651	43.53807	4150101	1	649	-4.6	41501
50.5937	482.057	-74.92651	43.53807	4150101	1	649	0.7	41501
50.642	485.515	-74.92012	43.84937	4150101	1	718	19.7	41501
50.6896	485.355	-74.91422	43.83497	4150101	1	674	-2.1	41501
50.6896	485.355	-74.91422	43.83497	4150101	1	674	-2.7	41501
50.9247	481.762	-74.8856	43.51147	4150101	1	709	2.4	41501
50.9247	481.762	-74.8856	43.51147	4150101	1	709	-6	41501
50.9247	481.762	-74.8856	43.51147	4150101	1	709	-4	41501
52.1802	484.634	-74.72911	43.76976	4150101	1	624	295	41501
52.0418	484.36	-74.74641	43.74517	4150101	1	560	183	41501
49.0417	482.651	-75.11871	43.59147	4150101	1	498	201	41501
50.7265	483.306	-74.90991	43.65047	4150101	1	532	73.5	41501
50.9409	483.401	-74.88331	43.65907	4150101	1	666	79.1	41501
50.6381	483.735	-74.92082	43.68917	4150101	1	550	153	41501
50.9565	484.311	-74.88122	43.74097	4150101	1	535	200	41501
50.6712	486.802	-74.91633	43.96526	4150101	1	530	4	41501
50.6048	486.578	-74.92463	43.94516	4150101	1	541	-10.6	41501
47.6603	484.916	-75.29083	43.79517	4150101	1	376	40.2	41501
48.882	489.07	-75.13984	44.16946	4150302	1	447	12.8	41503
48.882	489.07	-75.13984	44.16946	4150302	1	447	11.9	41503
48.882	489.07	-75.13984	44.16946	4150302	1	447	8.2	41503
50.3663	486.847	-74.95433	43.96936	4150302	1	626	-10.5	41503
50.3663	486.847	-74.95433	43.96936	4150302	1	626	-10.5	41503
50.1441	486.805	-74.98203	43.96556	4150302	1	626	-20.2	41503
50.2043	486.698	-74.97453	43.95596	4150302	1	621	-27	41503
47.7572	489.562	-75.28075	44.21346	4150302	6	302	338.2	41503
47.1981	490.917	-75.35146	44.33526	4150302	6	169	628	41503
46.2674	488.745	-75.46665	44.13926	4150303	6	239	725	41503
46.3571	488.753	-75.45545	44.14006	4150303	6	233	799.1	41503
43.3506	489.917	-75.83277	44.24275	4150303	6	134	719.6	41503
43.3506	489.917	-75.83277	44.24275	4150303	6	134	725.75	41503
50.0698	491.138	-74.99124	44.35566	4150304	1	371	34.3	41503
52.7394	489.892	-74.65692	44.24296	4150304	1	457	19.1	41503
52.8127	489.925	-74.64772	44.24596	4150304	1	457	33.2	41503
51.5153	490.566	-74.81003	44.30406	4150304	1	482	-7.3	41503
51.5153	490.566	-74.81003	44.30406	4150304	1	482	-13.1	41503
50.3749	489.97	-74.95304	44.25056	4150304	1	431	58.9	41503
51.5484	492.418	-74.80533	44.47076	4150305	1	447	242.5	41503
54.1973	487.79	-74.47601	44.05306	4150305	1	558	163.6	41503
54.1973	487.79	-74.47601	44.05306	4150305	1	558	172.9	41503
54.1963	487.562	-74.47631	44.03256	4150305	1	574	142.8	41503
54.1963	487.562	-74.47631	44.03256	4150305	1	574	159.8	41503
55.6367	488.742	-74.29531	44.13776	4150305	1	545	172	41503
52.8739	487.05	-74.64162	43.98706	4150305	1	560	39	41503
53.0304	487.214	-74.62202	44.00176	4150305	1	552	28.9	41503
53.0488	490.318	-74.61792	44.28126	4150305	1	509	-35.5	41503
53.0545	490.3	-74.61722	44.27956	4150305	1	509	-35.5	41503
53.0545	490.3	-74.61722	44.27956	4150305	1	509	-38	41503
53.0545	490.3	-74.61722	44.27956	4150305	1	509	-38	41503
53.1044	486.639	-74.61311	43.94996	4150305	1	589	15.8	41503
53.1303	486.605	-74.60991	43.94686	4150305	1	589	4.5	41503
53.1303	486.605	-74.60991	43.94686	4150305	1	589	1.3	41503
53.2017	487.253	-74.60062	44.00526	4150305	1	569	48.4	41503
54.4234	486.082	-74.44921	43.89916	4150305	1	560	169	41503
54.2517	485.557	-74.47101	43.85196	4150305	1	550	110	41503
54.2517	485.557	-74.47101	43.85196	4150305	1	550	112	41503
54.2517	485.557	-74.47101	43.85196	4150305	1	550	123	41503
54.2517	485.557	-74.47101	43.85196	4150305	1	550	113	41503
52.0698	491.766	-74.74003	44.41196	4150305	1	418	82.5	41503
51.8096	487.692	-74.77412	44.04526	4150305	1	559	67.4	41503
51.8971	487.641	-74.76322	44.04056	4150305	1	548	68.2	41503
52.8631	488.24	-74.64232	44.09426	4150305	1	553	21.4	41503
52.8631	488.24	-74.64232	44.09426	4150305	1	553	21.2	41503
52.7653	488.464	-74.65442	44.11446	4150305	1	534	71.4	41503
52.7653	488.464	-74.65442	44.11446	4150305	1	534	97.9	41503
52.7653	488.464	-74.65442	44.11446	4150305	1	534	137.7	41503
52.7653	488.464	-74.65442	44.11446	4150305	1	534	147	41503
53.0509	488.66	-74.61862	44.13196	4150305	1	518	88.1	41503
52.6002	491.546	-74.67353	44.39196	4150305	1	467	0.7	41503
52.6002	491.546	-74.67353	44.39196	4150305	1	467	-23.1	41503
53.5104	485.591	-74.56321	43.85546	4150305	1	560	98.3	41503
54.4047	491.249	-74.44721	44.36436	4150306	1	540	113.2	41503
54.4047	491.249	-74.44721	44.36436	4150306	1	540	127	41503
54.4047	491.249	-74.44721	44.36436	4150306	1	540	96.3	41503
54.4822	491.115	-74.43761	44.35226	4150306	1	536	8.9	41503
54.4822	491.115	-74.43761	44.35226	4150306	1	536	7.1	41503
54.4822	491.115	-74.43761	44.35226	4150306	1	536	2.2	41503
52.4395	492.965	-74.69303	44.51976	4150306	1	415	6	41503
52.4395	492.965	-74.69303	44.51976	4150306	1	415	1.5	41503
55.4383	491.626	-74.31711	44.39756	4150306	1	668	1.4	41503
55.4383	491.626	-74.31711	44.39756	4150306	1	668	0	41503
55.5625	491.821	-74.30131	44.41506	4150306	1	534	116	41503
55.6691	491.839	-74.2879	44.41656	4150306	1	516	45.3	41503
55.7942	491.823	-74.2722	44.41506	4150306	1	487	189.2	41503
54.1467	492.222	-74.47881	44.45206	4150306	1	495	107	41503
55.183	495.061	-74.34571	44.70695	4150307	1	471	946.5	41503
55.2475	495.026	-74.33761	44.70375	4150307	1	428	397	41503
17.2091	469.254	-78.97886	42.31606	5010002	6	546	706.15	50100
17.2091	469.254	-78.97886	42.31606	5010002	6	546	936	50100
